[Alpha]
-1136.4539,1098.1666,1345.8258,269.4457
-1135.1912,1093.8064,1345.8119,267.8791
-1135.6179,1088.5378,1345.8096,267.8791
-1135.4375,1082.0457,1345.8021,267.8791
-1135.2130,1075.4181,1345.7941,267.8791
-1135.0983,1066.7756,1345.7872,267.8791
-1129.9963,1067.1566,1345.7528,274.1458
-1129.5995,1074.0201,1345.7581,274.1458
-1129.0844,1081.9758,1345.7615,268.5057
-1131.0197,1092.0566,1345.7826,264.1190
[Beta]
-969.8113,1021.9630,1345.0767,89.9275
-970.1436,1028.6224,1345.0679,88.9874
-970.4197,1036.5406,1345.0582,88.9874
-969.6072,1046.1462,1345.0544,88.9874
-970.4572,1055.3048,1345.0397,88.9874
-976.7345,1054.0677,1344.9979,90.8674
-976.9385,1044.5823,1345.0059,88.6741
-977.0988,1035.4301,1345.0137,88.6741
-976.4217,1024.6754,1345.0288,92.1208
-976.2883,1020.3914,1345.0339,93.3741
[Interior]
10